Обычная
32768	13.220400005578995
65536	8.484999999403954
131072	4.605999991297722
262144	9.614900007843971
524288	18.36150000989437
1048576	36.919199988245964
2097152	73.33490000665188
13.220400005578995	8.484999999403954	4.605999991297722	9.614900007843971	18.36150000989437	36.919199988245964	73.33490000665188
Только исключения
32768	45.84910000860691
65536	80.66889999806881
131072	163.4906000047922
262144	345.6266999989748
524288	691.5146999955177
1048576	1318.8687999993563
2097152	2635.5963999927044
45.84910000860691	80.66889999806881	163.4906000047922	345.6266999989748	691.5146999955177	1318.8687999993563	2635.5963999927044
Без исключений
32768	5.004199996590614
65536	3.596699997782707
131072	6.293099999427795
262144	12.450300008058548
524288	23.084899991750717
1048576	46.74980001151562
2097152	93.29170000553131
5.004199996590614	3.596699997782707	6.293099999427795	12.450300008058548	23.084899991750717	46.74980001151562	93.29170000553131
