Обычная
32768	7.60332
65536	23.97207
131072	22.25311
262144	21.76174
524288	28.07229
1048576	34.1412
2097152	45.52942
Для копирования - 7.603325000653665	23.972074997921784	22.253116662303608	21.761741667985916	28.07229166602095	34.14120000104109	45.52942499766747
Только исключения
32768	14.89502
65536	38.49886
131072	54.12956
262144	109.39393
524288	213.42023
1048576	436.67045
2097152	877.29197
Для копирования - 14.895024999976158	38.498866667350136	54.129566668222346	109.39393333345652	213.42023333286247	436.67045000195503	877.2919750027359
Без исключений
32768	7.35197
65536	17.35175
131072	21.49474
262144	22.28871
524288	25.31464
1048576	29.90522
2097152	48.44109
Для копирования - 7.351975002636512	17.35175000006954	21.494741665820282	22.28871666515867	25.314641666909058	29.90522499879201	48.44109166661898
